0 -1.5
0.00937971 -1.49985
0.0281282 -1.49868
0.0468454 -1.49633
0.0655106 -1.4928
0.0841027 -1.48809
0.102601 -1.48221
0.120985 -1.47515
0.139233 -1.46692
0.157325 -1.45751
0.17524 -1.44692
0.192957 -1.43515
0.210455 -1.42221
0.227713 -1.4081
0.244711 -1.39281
0.261427 -1.37634
0.277841 -1.35869
0.293933 -1.33987
0.30968 -1.31987
0.325062 -1.2987
0.340059 -1.27635
0.35465 -1.25282
0.368813 -1.22812
0.382528 -1.20224
0.395774 -1.17518
0.408531 -1.14695
0.420776 -1.11754
0.432491 -1.08695
0.443653 -1.05519
0.454241 -1.02225
0.464236 -0.988141
0.473616 -0.95285
0.48236 -0.916383
0.490448 -0.87874
0.497858 -0.83992
0.504571 -0.799924
0.510564 -0.758752
0.515817 -0.716403
0.520309 -0.672878
0.52402 -0.628176
0.526929 -0.582299
0.529014 -0.535244
0.530255 -0.487014
0.530631 -0.437607
0.530122 -0.387024
0.528705 -0.335264
0.526362 -0.282328
0.52307 -0.228216
0.518808 -0.172927
0.513557 -0.116463
0.507295 -0.0588212
0.5 0
0.492122 0.0588178
0.484122 0.116459
0.476004 0.172924
0.467769 0.228213
0.45942 0.282325
0.45096 0.335261
0.44239 0.387021
0.433714 0.437604
0.424934 0.487011
0.416052 0.535242
0.40707 0.582296
0.397992 0.628174
0.388819 0.672875
0.379554 0.716401
0.3702 0.758749
0.360759 0.799922
0.351233 0.839918
0.341625 0.878738
0.331938 0.916381
0.322173 0.952848
0.312333 0.988139
0.302421 1.02225
0.292439 1.05519
0.28239 1.08695
0.272275 1.11754
0.262099 1.14695
0.251862 1.17518
0.241567 1.20224
0.231217 1.22812
0.220815 1.25282
0.210362 1.27635
0.199862 1.2987
0.189316 1.31987
0.178727 1.33987
0.168098 1.35869
0.157431 1.37634
0.146728 1.39281
0.135992 1.4081
0.125225 1.42221
0.114431 1.43515
0.10361 1.44692
0.0927663 1.45751
0.0819017 1.46692
0.0710187 1.47515
0.0601197 1.48221
0.0492073 1.48809
0.0382838 1.4928
0.0273517 1.49633
0.0164135 1.49868
0.00547165 1.49985
0 1.5
